1 126912 103543
1 103430 1154074
1 95642 990075
1 116545 246618
1 84021 1133047
1 65074 714748
1 54131 459214
1 46887 1153106
1 35797 60169
1 284414 1115456
3 646289 35797
3 273152 41714
5 85688 1050679
5 6898 1050679
5 141342 6214
5 141342 141324
6 124224 1050679
6 643239 1050679
6 642847 1050679
6 32276 1050679
9223372036854775807 1033 853155
9223372036854775807 1033 1136447
9223372036854775807 1033 1136110
9223372036854775807 1033 753264
9223372036854775807 1033 1136634
9223372036854775807 1033 1135115
9223372036854775807 1033 1120019
9223372036854775807 1033 1110950
9223372036854775807 1033 561593
9223372036854775807 1033 594025